14
133
367
533
856
981
1058
1134
1578
1675
1941
2159
2173
2421
2450
2633
2735
2959
3216
3568
3643
3715
4450
4563
4567
4678
5002
5276
5350
6355
6985
113
1236
1326
1844
2264
3532
4636
5378
5743
6289
6779
7373
7926
1042
1694
1752
3656
5165
5692
6007
6132
7400
7908
3988
5862
7198
386
2226
3106
3781
7457
1568
1999
3464
7516
6060
2137
2187
2749
2904
4181
1300
2101
3097
3294
4329
6436
7248
1279
6956
4255
1374
2376
3497
302
808
900
1155
3177
4283
4868
5425
6045
7784
7870
1787
2033
2247
3649
5214
5640
6658
7624
4843
4031
6338
532
1858
2824
4231
5717
3088
4095
243
1813
3385
5742
7300
7641
3173
898
7033
667
2109
3211
6430
6607
7011
5215
2635
3170
5498
5667
7241
673
2267
3175
4532
4901
6130
7995
3048
4574
6092
6495
301
4039
977
2867
323
324
1370
3043
4061
5316
5880
3466
4492
5509
6747
6708
2095
578
3147
7987
1059
1930
2966
3440
4015
4475
6691
7465
3137
4605
753
7978
503
3826
7207
7792
7797
270
725
1231
1356
2379
3044
3859
4549
5937
6797
4668
2706
7791
700
1093
2501
2814
2865
3355
4977
6762
2312
793
511
2627
3383
6935
7301
7962
94
619
681
1601
2518
3660
3933
5281
5804
5858
6208
7119
7681
1436
4804
6439
799
4280
1000
6839
1095
4670
4722
6431
6649
2936
4459
2840
2863
6433
1421
1469
4403
2490
3035
5240
6499
6627
6683
1209
5583
5646
5726
5882
167
510
2144
2989
2940
4340
4645
2295
3458
745
3516
6021
3720
3925
6852
7302
1283
4070
5125
2020
7165
7421
1135
1900
2168
3434
6112
956
4872
2078
5357
6123
7284
749
7157
5021
1157
7429
958
7280
2934
7130
6212
7201
3686
5511
4988
1661
336
985
7268
1169
7520
4271
4940
988
4199
906
5981
1840
3284
3340
4105
4536
6184
7217
6783
4962
7923
2474
6953
707
475
6216
220
506
4320
2279
2365
6772
4989
2741
3256
4622
57
413
680
1503
1723
3545
6090
1273
7315
949
885
913
1455
2769
3064
3551
4457
5203
6159
4697
4696
5364
296
490
1571
550
2266
2393
381
3680
651
1128
1529
2527
5128
7324
2689
7038
2438
6224
2761
4570
6782
2234
4526
7205
641
1561
2088
2903
6202
6784
7663
2854
2556
2715
3763
7195
7577
187
5198
1022
6512
6686
4833
5589
813
2057
4214
4608
4628
5829
457
3886
4995
7836
2395
2745
6534
6655
6897
444
2416
4066
4278
7182
2932
5034
4084
6387
5153
485
841
2407
3982
6877
2656
6998
1664
4873
6378
6577
2471
5365
3217
3373
4585
6323
4720
1091
1955
2169
2822
5600
7193
5239
6573
1549
3958
349
908
6150
2315
6635
7357
6886
7986
1054
2281
4479
6865
6080
6737
617
4708
5974
6420
2879
3678
5909
4660
236
2504
3320
2253
620
7265
370
1705
4933
7425
7560
4496
7621
3547
3626
4154
6038
7623
933
7047
2592
5450
5927
7644
3646
1240
1569
2388
2010
1521
3999
2417
953
3126
1658
5467
6688
4991
1919
2701
3191
7362
7848
1650
1177
7617
5584
2899
4551
5525
4973
7607
5748
6188
7831
27
567
1916
2677
3183
3605
7200
19
2960
2257
4556
7452
5040
4266
5608
7046
4370
4581
44
4228
5124
4398
4189
4827
6705
2828
3776
3851
4186
486
569
2451
2485
416
982
2728
1383
1924
6400
6051
553
3235
4234
5058
6702
7456
2665
3326
4178
5397
489
993
6009
6391
5329
6958
156
1230
5315
1142
7880
6535
2509
894
3672
6059
446
1435
3779
5674
5121
7568
71
1927
4858
6982
7890
7956
3878
7676
1957
6841
907
3584
4418
2258
2722
5441
5687
6354
7701
6032
584
2461
6401
1964
5866
6091
5406
218
2593
3642
152
2815
4091
4170
7955
759
1739
3082
5166
5175
5402
7083
7443
2725
1309
4158
4925
5256
5580
6286
6617
6957
6993
7409
2082
2317
2357
4736
5465
6456
6566
752
2292
4229
5683
7371
5045
6819
399
855
1700
3272
3821
6368
7712
6416
1918
5698
398
2487
7245
647
4230
6357
6517
1212
6527
404
832
2419
5767
3473
420
5261
2347
3319
3892
7650
1382
4006
6972
7320
7861
3786
4984
6309
516
786
2162
3504
3020
4794
184
1261
7796
3308
3966
4701
1037
2763
211
3973
6043
6481
2643
390
1100
1378
1454
3382
4879
7867
7873
393
2284
7695
1651
468
4184
1942
2121
2759
3356
470
2489
7363
605
3291
1932
3271
3543
3914
7478
4486
2063
862
6172
4156
2208
1477
2119
2190
5596
4311
122
477
6569
1338
1121
794
3870
971
6832
4267
4686
7790
5774
715
89
4555
2505
4444
227
546
950
3962
7844
1410
1847
5250
4507
5586
692
1396
4638
5547
2873
3067
3180
3574
4005
4235
5710
6520
7109
817
2456
2751
4003
4447
5318
6736
7850
7084
1697
5702
4785
576
7063
3554
4274
3726
6894
646
6058
4572
1538
2552
5433
38
800
3936
5612
3792
1859
6526
215
1115
6135
1293
4969
6786
7449
7012
2954
2995
4387
3332
6390
4577
4104
7179
1904
3154
465
541
1208
3300
3376
5759
5418
100
4279
5182
327
627
1702
1828
2925
3171
3739
6065
7918
6979
2293
2436
126
162
649
2647
5340
2669
2079
1494
5530
5644
7564
763
2773
5098
6028
2736
7846
1649
867
3481
5977
7290
7693
67
1398
1869
5745
5951
6966
5157
1511
129
6243
7174
1949
2558
4307
5815
3156
5148
3264
7656
424
5132
5916
3518
6808
3260
272
357
1330
4002
5806
5966
6870
4162
5798
7840
1381
1556
5480
7093
811
2243
5469
3286
5291
6145
6882
5372
5795
7072
1504
3764
4253
5337
1026
820
1605
3414
4603
6554
3368
3360
4021
4295
7202
2803
6266
6932
6125
4854
5739
6684
7036
2286
6422
1159
7552
2237
2524
2603
4985
91
1952
3498
4717
4861
36
276
4221
1895
6716
263
1709
7473
2614
4806
1570
2753
3748
4914
5476
2732
3341
3941
5962
704
2642
4036
5442
5499
5773
7898
4381
507
798
1783
1111
1925
7696
7884
2699
5550
678
688
6997
2332
6605
944
1874
3542
6771
1513
4462
4913
5434
5956
6425
7953
2739
3349
5715
7776
4409
4562
43
2535
4240
7393
670
698
5650
6548
7975
2664
4700
6559
2784
4860
1866
1763
579
2554
2177
6389
4604
3128
4663
5111
2499
4624
6664
3090
6321
6616
7331
6106
7780
5459
7565
4538
5690
1576
7548
2181
3628
5001
5247
5788
5141
1220
7095
3176
3482
4144
3905
2624
3632
4108
5066
5354
5227
7781
2080
5161
7112
1062
3521
1106
1328
2586
6764
2778
3129
758
7546
3193
5167
3230
3424
5496
5455
6777
4148
6144
199
3592
2236
6325
1920
526
2503
3963
5601
7578
3315
369
2343
4908
5209
5526
6489
7049
7925
783
2750
1312
4842
213
973
1084
2581
3014
3118
5116
7029
2185
3001
3322
4164
4422
5016
5184
5675
6434
1008
1710
3254
4800
6341
1527
2214
3947
2921
2980
3098
3523
4032
4564
6661
7323
7513
3277
7360
1085
1206
3258
5623
6595
7206
4753
4115
5067
2596
6347
1765
5821
2304
4909
5069
5112
6143
7015
6301
1345
5390
245
6805
7032
2172
2942
4657
4855
4980
5534
5696
6742
7187
5850
6423
7528
1781
2363
5429
7767
4871
6681
3070
5008
5174
6370
7990
7699
967
5284
7787
6088
6551
3778
2074
3876
7222
7306
6052
5859
7172
6888
7057
7352
1594
4394
5026
6462
7737
4182
635
5578
6731
6775
741
901
1914
2001
6047
3232
5235
851
4499
7453
7350
2370
4358
6479
118
2926
5059
5544
1467
4591
3239
4531
4779
7076
7949
4379
2342
5075
7289
565
2517
4588
4593
3556
4970
5356
5594
1204
3151
7273
2708
5042
6572
7826
1098
5775
2469
4239
7045
1868
241
6463
3863
4832
5769
6798
7472
3803
6223
255
1038
2972
3021
4478
5347
4122
6904
1977
4155
5468
6046
4109
7951
7555
577
2042
2693
2970
3222
3759
5801
4998
7022
312
833
1679
1706
4141
5520
7069
1712
4316
7258
4884
1282
4157
7463
3491
4054
560
990
1800
2420
6464
7347
3709
4707
4740
6821
5867
4687
995
1377
2523
3133
7958
1638
4967
3159
2845
203
6604
1654
2831
984
46
5888
6562
6733
7450
7685
253
3194
7591
2714
7529
2044
2574
7659
221
1717
5941
523
1151
5030
3337
7947
2030
7576
4579
887
1183
6898
4018
4293
709
3327
4137
1077
6017
421
7882
4438
5099
5931
2216
2330
4442
6209
3609
3827
5943
5831
1833
3479
3594
3296
5304
1463
4210
1097
695
61
3985
4594
3940
478
1807
7710
2857
6026
2536
3561
479
1334
5770
3224
7852
2153
2354
6179
6451
911
6067
6630
7633
2015
3667
6074
723
3844
4454
7341
2341
6633
7230
4978
400
6326
7845
107
1526
1171
1466
2352
5686
1373
2588
5451
2609
2396
7883
2005
2897
6262
5750
3885
6241
6695
143
1320
1770
1127
1404
4467
5339
1592
3976
4215
5333
5985
4904
6646
4332
1335
3335
5290
1761
4386
4489
6609
2256
7338
219
5305
7937
499
1228
1347
1456
4094
7535
3463
542
1449
806
2478
2864
4190
3730
1825
3670
3799
3047
6758
2210
141
1310
3617
3701
4067
4522
5212
6276
7070
5768
735
4601
1267
1385
26
6813
6834
1978
3307
3854
4943
5362
4547
5551
2826
3179
3619
5528
225
2149
6302
4043
7835
7477
