6
282
1237
1341
1544
1814
2681
2796
2836
2979
4426
4652
5344
5577
5722
6362
7194
731
2158
2782
3200
3741
4093
4396
4464
4516
4764
4956
5314
5786
6735
6867
7385
7446
7468
750
1434
2514
4038
4087
4945
5503
5563
5975
5996
7278
7614
1105
2075
7684
929
1276
3057
4799
5131
6118
7061
7105
7286
7549
249
298
508
1896
2248
4441
5423
6581
7627
6504
952
3004
4458
4934
1219
7426
792
4325
4504
6015
7056
7283
2104
6602
7992
250
2325
2631
3448
7116
7328
1144
1677
3219
3314
262
676
7094
2385
7
1281
1824
4103
4862
7496
7886
6071
6328
6164
497
691
1271
1948
4050
6780
1258
2000
2760
5039
3838
6833
3306
151
3829
6727
7197
1068
1317
1389
2823
4502
6178
850
4205
5367
299
1912
630
7563
7959
382
582
779
829
2367
931
2117
3334
3562
3812
4679
6908
4836
7927
3087
5607
1343
2039
2077
5662
644
998
1234
1476
3431
5776
6753
2557
340
3552
697
2136
4309
3344
4724
4539
6218
6729
502
1501
7435
79
637
690
1082
1832
3403
419
2849
6225
460
6802
7343
718
1201
3201
3813
7683
4404
6168
3833
4695
5863
2055
4169
7085
6858
3616
259
845
2127
2944
1743
5020
5514
679
3638
4824
6873
2200
3603
6657
7305
607
4757
7511
85
1015
1804
3013
6763
7458
3329
4924
5654
7668
1125
7417
7752
2723
3893
4153
3496
4650
4301
6131
889
6673
1173
3026
6544
6666
6960
7162
7611
3599
5037
1164
6524
1049
4835
5470
7715
1176
1406
3221
7252
7508
7766
561
4598
5138
5086
7233
4100
4284
7487
7632
4673
2684
7040
3571
7092
182
2298
4748
2765
6725
5691
7580
1854
1865
212
4568
6785
7375
5771
2512
6153
7497
7021
790
2348
6996
677
4176
6020
7823
4355
4027
7188
1983
2928
6404
6900
5794
4420
6847
106
1899
3237
2771
3302
4124
6096
6741
986
1250
1123
1779
4466
2435
2922
3411
3855
6709
6744
3316
3984
1714
3478
6624
2483
7026
717
5906
7601
1367
1555
4263
5700
3312
2819
3553
5310
2697
1943
3321
6703
7585
7595
599
814
874
7858
890
1064
3452
4765
86
441
580
1429
1633
1774
1882
2446
2590
2788
3727
4337
6388
1793
2639
6174
6829
7392
5677
7980
1232
7731
2630
210
596
4965
5929
6838
6360
2260
3247
6257
6714
7686
2649
3354
5797
3679
4321
4470
6883
5090
1172
1590
2174
3359
2795
5869
5727
6795
337
999
3095
3003
1405
5249
2124
3955
5945
965
1340
2322
3428
3645
7543
5274
608
1355
1810
3195
6816
3132
3923
7330
105
1805
740
1923
3012
3469
4004
4512
6181
7365
540
1817
2841
4126
5940
7570
5982
414
6981
7526
260
5374
3495
7761
498
4172
5029
1254
5190
5342
1418
140
4811
7694
456
2812
5150
5173
319
3952
4257
4380
2997
7916
3227
3573
6039
5847
5988
1021
1850
2891
4391
4432
6928
313
6872
6912
7586
42
1719
3772
2275
2319
3036
3711
5033
6770
7667
2310
5035
643
812
2798
4621
4677
7931
1493
4541
7082
7211
7295
7628
5713
2668
356
941
4615
5808
5955
1339
2012
3965
5474
3279
568
1046
1653
2239
4285
4828
6025
7900
962
2931
3734
1756
6187
6469
6531
131
3744
3630
6024
1634
6110
7210
7985
545
4147
7491
2235
3809
7062
3457
1656
3220
3835
5763
5854
7111
3418
3907
3427
5326
6166
3444
103
1557
2285
2493
2852
3077
4840
5149
5668
6133
6384
6501
7727
41
5904
6011
6377
1156
4456
1245
3109
21
2671
2943
6486
2679
4400
1533
4614
5762
6704
7043
7809
2017
2933
4402
5257
4026
7296
4503
6408
1131
5351
6247
521
4735
7386
23
899
5466
6359
6846
2269
6987
7066
7804
3689
5287
5440
919
1465
3114
2205
1099
1375
5482
4692
452
3850
5300
7770
601
1170
3261
7709
2832
1468
504
1060
1772
1387
3462
5572
4582
6885
265
1255
2165
4790
5204
6472
2085
2333
4769
7512
3399
4698
2034
3161
7609
1867
4363
6367
1791
3724
505
7723
4330
7460
3338
1472
3007
4048
3713
7359
1446
1452
3587
4883
5543
7665
600
629
3934
7340
234
7267
6342
721
1566
2349
5395
7310
4891
6511
101
1727
5999
2147
3083
4314
6760
4078
5246
261
440
5396
6911
6978
341
7554
5876
2988
4291
6564
31
6598
2786
4216
7269
583
2881
2511
3318
5924
710
2993
4290
809
2135
3524
4376
3085
1950
4111
4412
934
7610
16
686
2026
2337
4421
6258
2946
3351
6161
1851
2978
5443
7999
615
1986
2632
6417
5393
2680
7527
7657
5297
7311
2043
4319
6936
7374
7888
5720
4449
5017
738
2463
1523
2945
4336
1495
4737
5323
5537
6339
7811
271
2197
278
3223
3708
3397
28
780
1090
3714
1528
1660
2263
2766
5963
2166
228
2115
6167
2709
4659
5194
6121
4788
4963
2106
3614
4784
5695
6274
6296
7166
65
3451
6962
7099
139
2180
3027
3120
4069
5312
5756
6811
7304
4898
4912
4915
1624
3018
5024
6476
2976
6608
1707
1635
4303
4917
6895
3207
3705
4204
5524
1005
1678
3987
344
2272
4693
5816
6533
6696
7974
772
1188
1349
3980
4473
4763
6353
7337
121
5119
5457
5828
6297
6226
6594
1715
1789
4081
6651
7437
3125
5077
5178
3192
2847
915
2655
3274
3732
5414
6426
7414
7747
6446
7145
406
711
4151
7148
3246
4543
4747
575
1117
6711
1966
2103
7327
2220
3127
1972
2658
3527
3636
4209
4983
5070
5475
6945
7064
7505
7756
1110
1136
1784
3589
5892
6848
3304
4728
4888
5642
7584
2973
3387
4669
6306
7745
7906
24
2705
2740
3775
4264
4685
5265
6634
7582
7735
3760
5282
5293
3612
5325
1213
1391
1981
2406
2712
5651
5701
6748
6042
1546
2217
2868
5398
739
1233
2120
2299
2434
2839
4079
5048
6269
6453
6995
7292
7436
7828
7885
976
5555
7454
2397
2565
4525
1292
2547
2918
4022
4856
4955
1210
947
7427
1695
2399
6650
7098
7420
1614
3572
4023
1076
3244
4647
5286
7034
2608
4092
5529
5348
1088
2362
6493
1531
4448
1607
2196
3287
3843
6701
4110
4664
4927
6412
430
1395
4808
3928
6219
4408
4372
1014
2072
5877
7933
4227
4589
2240
1023
1051
1299
1681
2307
7654
330
654
926
1733
3019
4360
4529
7664
136
6488
2152
3273
134
1211
3149
3669
6582
6974
7168
7382
254
3435
5100
614
7253
4732
7369
7113
1875
2636
6271
3749
7841
1585
2670
3140
3150
5142
7173
7231
7322
7635
2268
2621
3620
5183
5552
564
1401
1543
1689
2468
2577
5907
5984
7492
1461
5610
