37
258
2107
2145
2885
3486
3761
4471
4518
4583
5983
6621
7237
7379
7714
7889
159
2054
2176
2855
2969
5426
6706
6913
1483
4146
3684
4429
5152
6070
878
1535
2129
5268
5638
6098
6653
1600
2306
5574
6445
7297
918
939
2460
2896
2975
557
2131
2466
3268
5657
6916
145
2391
2835
2629
3530
6101
7159
7476
1269
3621
7636
642
1175
2154
2372
2228
197
2007
5328
6222
4961
3830
7103
2789
3265
3362
3415
6718
7950
2791
5224
5510
7810
6884
481
703
2002
3943
4465
5930
6087
618
665
2350
238
432
7356
7935
239
4367
5841
7982
1032
5411
1842
2654
5051
3074
1584
6793
3122
1409
2727
6647
3285
3535
6141
6722
736
1393
5706
2025
2569
5327
1380
3950
5135
6944
1047
1190
6320
6515
1680
7488
7557
3849
7285
280
5705
355
1659
5782
6952
6910
5900
6766
290
5825
574
3369
3597
595
3422
95
974
1439
7589
2282
2971
3975
7537
1747
3673
3880
2028
2869
3103
4373
4646
328
2843
2564
