1
102
155
423
454
663
826
1031
1138
1265
1588
1665
1885
2222
2294
2553
2752
2886
2910
3487
3824
4197
4258
4661
4744
5352
6255
6473
7050
7190
7387
142
699
1043
1459
1560
2618
2620
2807
2878
3721
4544
6424
6437
7135
7361
7640
7713
7725
7738
2538
5645
3960
3841
7562
4886
1225
4030
7525
7782
6171
7380
88
7703
5732
53
3317
3974
6521
6892
7762
99
148
1934
7779
22
4524
5639
6122
6618
5435
1065
5979
1645
7150
6075
5334
5501
2201
4900
6552
6963
7700
2064
5655
6099
6313
837
320
2029
2230
3259
4455
1683
3798
6147
6468
994
7403
1911
3577
232
5003
5553
4057
3890
3896
4528
4656
4711
5549
5571
7127
7801
4972
5910
559
729
770
5836
7175
3178
5407
3042
3598
5139
638
2155
2340
3618
5485
5626
528
2568
6204
6253
6693
6801
737
1262
2507
3990
558
4959
5779
7213
51
6010
652
2188
2371
2653
3926
4121
4775
6700
7661
3299
3887
3370
720
7319
1726
3555
292
411
1641
3460
4643
868
5833
47
1420
1646
1818
1876
2049
2412
2731
2756
5031
5976
6012
7259
7872
865
6214
112
539
1066
1701
1729
5737
6027
6516
7060
458
685
788
1823
2801
3251
3773
3877
4895
5107
1913
892
2526
3002
5068
6503
7470
1662
1301
2067
4500
364
3392
4789
5998
6097
6540
7186
352
2314
3005
4035
7530
1160
5229
7126
903
7146
15
1096
4986
5387
6066
3078
7097
1266
4233
5724
6233
7593
927
1140
2542
5061
961
2218
2209
5546
5878
426
6120
6920
2126
5611
1296
1777
1965
3104
3828
4606
5133
6881
2313
6991
1154
2403
3016
3509
3800
3899
4715
7408
230
338
848
7702
5380
1153
4487
2097
6677
6745
206
5697
6146
5199
5972
825
2061
4065
6728
6809
1567
2652
4681
4704
4975
6199
1092
3446
4981
7783
7631
1194
3512
4839
6699
2439
3110
7860
5948
4463
6951
294
4734
3953
362
5820
6374
7464
3130
3930
5879
1284
970
1182
2058
1161
1205
2328
3777
3784
4160
4709
4870
7009
7587
7750
5670
2215
2375
781
3895
5621
3810
396
1798
2811
3820
5197
5901
5663
2308
1849
2661
5146
5792
6643
1902
2582
4232
5495
5653
5694
975
3852
5432
4881
854
1839
2271
1137
7004
597
5063
405
1035
1113
1433
3034
3707
4010
6628
7630
2413
7279
4159
757
1989
2955
6322
5704
150
747
904
1629
4903
2682
303
1179
1725
4119
7354
1502
4850
453
332
1958
1968
2056
5548
2171
6827
7251
4930
656
6557
4033
6496
4112
1508
5216
6003
2356
2963
3787
6789
1315
4834
5054
1152
4947
6518
7209
3811
3101
5147
2023
864
1072
3789
7025
2482
6918
5422
5140
3883
5288
5523
6665
5631
5846
1860
4195
1933
7912
628
1025
2675
3746
4501
7711
2787
2916
4527
154
2178
5830
3658
1133
4244
5492
1369
6316
1457
4761
7510
1400
1524
4179
6752
512
1509
6820
7367
7394
5266
6547
83
2998
4130
4756
5614
1565
1657
1755
6682
1910
3038
3443
4554
5942
7192
235
828
4192
2296
4613
3808
5740
7481
6455
7137
1796
1764
3889
4150
2353
2411
3604
4648
4890
895
1676
2259
1184
5225
5873
6350
6637
7540
1939
2199
5484
144
149
5169
7462
2433
425
693
4313
2093
491
1189
6933
7921
2329
2563
5462
7136
2905
4990
713
2251
6794
7100
7336
257
884
1020
1505
3058
3420
4910
5791
7228
3061
3163
3364
4665
7855
7968
1894
4017
6983
7204
7281
7500
30
589
6941
191
1532
4223
4068
6358
1350
3393
4813
6393
4786
7674
556
4633
5338
5358
6008
2986
1612
2637
3622
2640
6600
7604
603
2702
4388
5802
7775
1682
437
2792
7474
68
1674
3819
664
1336
4609
5864
4034
4612
6084
7637
1486
4674
7881
1536
3633
6585
602
2081
6361
762
1203
3796
3891
5461
3493
3513
6319
6715
6513
7147
648
593
1845
2764
3054
2770
3185
3218
3666
5000
2733
3166
4894
3894
5213
4134
322
7729
6004
2810
415
1889
6589
1221
2087
3831
4951
5047
671
2113
4812
2326
4261
4493
3188
3449
1166
1797
4225
525
1132
2692
2882
3719
4029
4090
5267
5723
5893
6373
1019
1809
3600
6282
6239
7619
5959
1877
2833
1363
5289
5733
5817
6707
242
3096
3310
6200
7216
7396
3395
7101
442
840
2195
3282
5746
6211
846
2223
2289
283
1582
5062
6672
7220
7191
876
3236
3447
3690
192
5464
6543
7854
7901
4143
2118
3845
256
1074
2358
4405
6625
7759
522
4505
777
3436
3762
566
2856
3489
4312
97
650
1394
1445
1497
5113
5968
7086
7662
2245
3199
5903
6134
543
3641
4102
4919
6014
6291
661
6767
2481
7946
5073
7891
4831
6349
7816
5932
4557
5894
7717
358
482
896
1392
1559
3528
7184
6072
724
5898
75
1545
3405
4080
4107
5738
5840
3879
5262
1351
190
4052
5627
380
1481
1056
3143
3313
4354
5294
483
2580
2799
4208
3408
5573
1222
4513
3361
3663
613
2941
4344
6893
7348
1808
2431
5609
6866
6509
2288
4461
7777
2870
4365
289
6063
7485
3032
4059
4620
5386
4425
4778
5143
5259
3467
3653
1305
2522
1027
1303
2062
3072
3276
5605
6530
3476
7287
4256
4847
2911
1736
3501
3583
5050
1878
4335
5939
6273
6375
6478
7274
7859
2754
3357
2600
5343
5384
7991
1073
6800
2262
4992
5708
5990
529
127
534
1307
3071
4683
4691
6149
6281
3441
3508
7929
2305
3677
4245
4902
5682
3311
3665
4366
959
7622
1071
1352
1737
318
2027
7156
978
1984
3136
3245
4641
5565
5685
6461
7226
204
346
4921
5127
7928
1795
2441
3806
5417
5753
6583
3325
7639
2650
2038
3092
3882
4907
1193
2151
3485
4694
5456
4595
4770
4920
3654
4821
7121
7149
7542
666
1372
1473
2467
4713
6129
6988
937
2996
5118
1475
3278
3747
7483
188
2011
5156
7058
6238
7018
875
768
3791
1482
1554
2641
3488
4308
353
378
1001
1353
2442
7326
1741
6601
5223
1070
2301
2949
3063
5007
5899
7138
3916
4393
3243
6484
1165
1376
4569
1162
1512
3771
6076
389
611
6849
7924
6287
3426
244
4618
4498
5192
5556
5926
6104
7090
1852
2820
6124
3102
7288
7376
7829
1278
2898
3406
3698
3699
6505
3402
3659
4671
6265
3507
1272
7672
4044
1229
1792
5049
2767
7118
5754
2108
3505
310
3650
4626
5545
2834
4490
1782
7989
4906
7433
5271
4805
7344
7793
2746
4460
5136
6116
7131
3182
3400
6860
803
496
4238
1365
1648
3804
6180
2290
2562
3380
3866
4684
7214
2202
6862
1498
5881
7346
4837
2022
6398
7381
1630
5711
1574
3429
7911
2990
744
3146
3657
5013
6538
2806
308
2939
3818
4742
6102
6717
6182
5575
3139
5012
5311
7291
54
345
530
224
2
3700
3868
6907
7407
2967
3233
4218
4960
3913
1360
3353
4798
7035
407
2521
6343
7422
7798
6642
879
6915
3766
6154
7358
866
6056
6878
7277
1775
6410
4249
7455
6914
1407
1946
5421
3640
7353
7519
1223
1959
2794
5803
6869
1625
7720
4055
4289
5758
5656
7559
612
7451
588
1386
7521
5230
2212
2704
554
2110
7575
1853
2381
3606
6946
4653
6626
4644
3015
5056
5373
921
1552
2052
3123
3847
5251
6394
2409
3468
1731
1846
2657
5359
5504
5709
7533
7671
1879
5431
5991
4592
4979
1357
3903
2516
3365
6660
1518
2123
2842
6679
3967
4127
4140
859
4899
1826
1192
6575
7590
1198
2844
5950
6206
3490
6746
412
1757
4166
1217
1671
3438
4116
6567
7080
7938
7778
2321
4445
6327
3076
6418
1033
2737
2738
315
6034
64
185
2935
4101
4514
6685
3743
5978
3391
4846
4537
6730
7185
2415
6579
6926
6477
6740
7298
701
764
3241
5634
6975
7282
1730
7789
1583
5196
7074
7419
2355
5260
6676
4286
6732
163
6457
7010
920
6334
5622
1901
6458
335
3575
4655
5986
1581
6812
6723
714
1004
1673
3874
5703
6891
7677
4118
5604
6510
7922
1280
2219
3297
4298
2100
581
5870
6371
193
6792
147
2098
2464
5973
6280
1094
4509
4689
4859
2747
3135
4129
4857
5946
326
1485
2377
7078
7501
2953
5925
397
4135
7771
1758
447
6835
2589
3189
5306
3977
3305
5845
6284
6636
6863
7772
5493
373
1580
2459
410
6376
917
1480
3723
7244
93
3613
3094
3959
7581
3231
6906
1848
4347
4755
5921
3946
445
7141
4731
4950
4926
395
1589
5154
7509
2923
4268
5114
5613
7760
5481
5599
6114
4716
1595
2398
3404
2774
797
1364
7794
922
7073
6452
3093
7653
842
1748
4296
4485
3079
5272
669
1297
5718
552
888
4098
1947
5093
5780
767
6237
7351
5375
6969
5911
6817
1346
1724
2242
3857
7117
706
5011
4378
7089
796
5117
3430
7688
1428
3249
3750
6837
6346
1620
4801
5913
4878
5044
6546
6814
4443
1687
5255
7764
2875
2161
3783
4242
5587
7942
2455
4417
7486
7915
7972
17
157
881
1539
1754
2809
4867
7571
462
5144
6694
847
7502
472
1331
4097
7954
288
3401
6698
3022
3901
5444
1708
3288
3745
3794
3848
4649
551
639
2560
3187
7863
5576
3651
4453
5823
2884
4607
3107
6781
2673
2947
3751
4333
4825
4407
3578
4675
5025
3358
3456
7706
1010
1954
4936
932
3263
3454
2225
4823
7303
5057
