3
418
839
1122
1178
1622
1821
3969
4491
5171
5206
5279
5349
5388
5712
6500
7224
7556
161
572
945
1147
2014
2231
2546
3388
4399
4982
5427
5630
6942
7260
7600
2114
3281
4260
4877
5679
5908
6332
7355
7514
7395
3655
7167
1937
2567
5871
2351
2500
2890
3544
3634
5860
5895
6109
7364
4305
5567
6950
6592
4792
2192
2999
5082
7853
7910
1974
766
966
1917
3661
1655
2676
4219
4371
4726
4905
6857
7608
3815
5490
6191
443
3971
2617
2872
2128
2138
5263
2848
6198
3208
1519
5486
7930
1820
1863
3648
305
1887
2571
4865
6205
2084
3579
5970
7561
6790
87
279
1786
6427
6614
7868
267
1462
4938
4510
726
2757
7133
469
1956
5488
7372
3386
880
6000
2150
2900
3995
6471
4738
5453
5884
116
371
4719
5424
433
448
1873
2534
5130
6140
6272
1474
3710
4406
7313
1864
2327
6351
1416
1313
4212
6980
844
1628
1264
4506
733
6177
7682
7401
7758
562
928
1971
2229
3144
4617
5749
5789
6126
7329
7475
7642
60
3148
3124
3157
955
6170
115
765
1489
1506
1728
2694
3484
3752
5557
6128
7239
7626
20
2805
3049
6023
1691
1011
2183
5159
7821
4053
4200
873
2666
3134
3919
3978
6344
5106
632
1586
2816
7096
2662
3145
7878
810
1114
1500
2719
5110
5478
5747
208
716
4000
5102
7005
7599
7943
202
1870
6263
6312
6759
1740
3888
6659
5177
1053
1704
1834
2987
3736
4385
6386
6596
7106
7687
684
769
838
1618
2068
6448
7698
4519
6599
3099
3668
3860
4201
4224
7299
7919
872
2817
3051
5764
7143
7719
1306
3526
5200
5619
6190
361
2140
6203
7240
791
5585
6261
7071
5081
6539
6859
1525
1973
2432
5041
5518
325
548
674
827
2927
4254
7263
7757
2956
6587
4028
2981
4056
5115
7013
1048
7838
2193
4874
7503
6295
1484
2616
4534
4762
6245
6537
6250
226
2031
5015
7384
1829
1893
2303
6113
7967
1195
6971
7691
2515
942
2241
5449
5819
5856
6560
6954
631
3250
7892
2703
4600
408
1411
1693
3768
5307
7003
7765
48
366
4931
5428
6324
4911
1696
1055
6315
7077
3900
7335
996
1007
1993
6467
1263
1771
1608
2498
33
773
6615
222
7724
4723
5664
938
4020
4666
853
1249
3172
7017
3911
4815
1371
2772
3030
5516
5896
7199
1951
3755
4481
4893
351
964
6403
1562
2698
5582
6221
2555
6006
1759
7517
2427
2531
3475
3986
7620
177
4793
5164
7976
585
3801
5579
6568
662
2387
3413
3837
5648
5947
6902
6923
7428
1551
4352
5180
7669
1510
5730
7993
708
4326
857
2408
3253
7553
3601
2111
3029
4545
7441
5620
3825
4996
5283
7445
1366
7163
4062
4446
4553
5217
6303
2006
1103
1126
3691
3832
3912
4060
4328
893
339
2663
5618
954
2861
5181
7171
7649
7675
6465
7048
168
198
1079
2156
4288
6738
385
388
6459
111
3289
5185
5796
6641
2037
2470
3596
1241
1564
2977
4074
4294
6018
7416
696
1268
1856
2443
2623
4662
5731
7904
494
1888
2179
3080
3807
5439
6804
6959
1080
5680
5560
6333
2203
6019
6768
7971
2105
1668
6201
164
7345
104
2167
3226
5448
5452
819
4889
3671
2249
4690
3957
4047
1790
3255
4949
5471
7068
2597
1322
4733
891
3205
6774
3557
5303
2476
5885
5934
6169
3565
4580
6929
5559
5658
3290
3421
5231
5009
7567
300
531
7151
4974
307
754
963
2532
3631
3871
5331
5401
5532
6005
6278
6449
6855
3717
4241
7692
3301
6875
4892
6921
4625
5874
590
7822
205
626
2626
2644
4064
4152
7499
3920
5809
586
2004
5905
785
3492
5134
2194
1067
1256
4243
5591
689
972
1857
1975
2827
3238
3728
4041
4306
5519
5784
5319
969
1442
2880
3840
992
570
2457
2888
4262
5681
5887
7484
7952
1181
6369
2583
7539
760
6293
4
464
1886
2674
3737
4619
5416
6300
7091
7518
7647
2494
5277
1150
1841
2250
5195
5844
4885
2009
5659
6185
2585
2335
2685
3008
3477
5508
6189
7739
7988
2743
6522
6919
376
634
1627
2364
2584
3384
7897
7256
4384
7894
109
935
7746
5004
7423
882
1050
4550
3229
623
805
2800
5542
120
1174
5902
6277
5838
7440
5038
2345
1333
2915
4882
5923
7276
7753
5092
5602
124
2610
3234
5872
6613
6807
5515
5716
728
2213
3944
6482
7272
7690
7862
4125
4558
2541
2720
2572
3942
5366
74
1517
1606
3797
4559
5191
5736
5935
7410
7969
5500
7108
169
2378
2846
3328
4802
5296
216
1057
1969
2615
3210
4188
4259
6186
6217
6593
6788
7307
4880
4923
3867
4952
5238
1604
2276
3765
165
3046
4814
2783
4088
4845
5581
7902
1402
2462
3439
5089
7431
7536
6712
5839
6638
5094
1419
3688
6402
6970
7932
1652
4217
5188
171
6739
1197
3060
3615
4548
6163
7123
3964
4341
7412
2163
653
1412
2687
2951
4424
5076
5179
5473
5643
5665
5688
6671
480
2525
957
70
3242
1615
5346
3932
7865
5383
7541
5299
130
1075
1720
2883
5302
5538
6157
7651
7941
2991
128
6215
6242
6611
1337
2917
1319
4830
3538
1596
3039
6563
7262
7515
4939
5078
6366
1488
1746
5684
5969
3742
1016
1994
3417
2447
7808
925
6644
7271
1044
1003
1146
3266
170
1116
1427
2566
3345
6033
6734
6994
2099
2678
7079
195
778
2748
5324
6485
7936
2909
3052
2280
991
5273
5761
7439
6336
11
625
3333
3541
3782
5669
73
4040
5494
6844
7177
789
2287
3037
4807
5019
5072
5558
6631
6989
7212
7722
493
2338
4113
4896
6405
7102
7679
7325
268
449
4631
2907
2184
4206
55
6519
6803
6868
6924
7054
594
2277
2730
3225
3692
3731
4586
5172
7019
7132
7370
7411
3591
4729
5800
5824
6310
7732
5615
5243
1593
2717
6824
6252
6525
6901
7825
1414
4758
7227
2528
2859
4045
6903
5241
7114
7961
1308
2430
2083
3514
6022
7728
621
5189
317
1399
4797
3635
5292
1202
69
247
1358
1686
2233
3303
3564
3733
7596
7660
2339
2142
2830
4248
4440
6397
6550
7680
3697
4777
743
1550
1577
1907
3228
3331
5751
7008
7242
968
1017
6414
7837
1112
52
1009
1961
3089
6769
6674
4364
5536
807
2962
5379
672
3908
1766
3378
5744
1962
237
6675
347
3117
5234
520
25
1530
1636
3153
6283
7181
7223
6002
4282
4523
6545
7877
1143
3275
3494
6940
802
3595
4922
1492
3531
175
4944
7459
7788
2361
2721
7490
5636
852
2484
4754
422
2116
392
1906
5160
1186
2186
4014
5046
5355
7255
2579
6588
4071
5409
6938
6710
5960
7153
2238
4658
1252
5826
1522
1855
3788
1029
3754
4767
2924
5837
7399
7104
6574
4368
515
1018
5629
5965
6089
2392
4427
1413
6843
3350
3937
174
755
1332
6086
6152
1321
4866
1243
1246
2016
2386
3270
4120
4362
5264
5308
5835
6298
6606
6949
7558
849
1034
2316
3419
7504
2638
6435
7583
598
2160
2270
5085
6073
979
1713
5222
1109
1124
1294
1422
1558
3581
4841
6612
173
5729
2491
77
2198
3372
3625
3647
3676
4810
329
1603
4351
7390
1631
3954
1929
45
1637
4818
5472
6299
6687
6719
7020
7398
117
5855
2548
