6
14
16
26
27
30
36
39
43
44
57
63
77
98
101
104
107
109
112
128
143
148
152
154
161
169
172
177
185
194
196
201
203
217
225
233
235
238
250
257
258
267
268
271
287
292
296
298
307
314
318
324
340
350
365
373
380
381
385
395
396
420
421
423
426
429
431
439
440
457
470
475
485
493
511
529
532
533
560
561
580
585
587
588
594
597
598
615
623
635
636
641
651
654
655
658
663
674
676
690
691
699
703
704
705
719
726
734
741
747
752
764
768
769
786
788
795
818
820
821
831
847
851
855
860
864
875
883
884
888
891
895
898
900
907
926
927
930
933
948
954
969
973
975
976
977
983
987
997
1004
1007
1014
1017
1019
1029
1040
1043
1048
1050
1051
1065
1073
1081
1088
1097
1114
1116
1121
1126
1127
1149
1163
1181
1184
1187
1188
1192
1197
1199
1200
1202
1203
1211
1212
1214
1218
1221
1229
1242
1243
1251
1254
1264
1284
1303
1311
1325
1333
1339
1342
1351
1356
1368
1373
1382
1385
1408
1412
1413
1415
1416
1417
1421
1432
1436
1458
1463
1484
1488
1492
1495
1514
1523
1530
1533
1541
1547
1551
1561
1567
1570
1572
1575
1586
1599
1616
1617
1619
1621
1623
1629
1630
1631
1633
1643
1652
1653
1657
1665
1671
1680
1685
1686
1687
1690
1693
1701
1712
1713
1714
1715
1721
1738
1743
1745
1746
1747
1748
1754
1766
1770
1773
1778
1780
1785
1790
1793
1794
1796
1798
1805
1810
1826
1828
1836
1838
1848
1859
1863
1889
1893
1907
1924
1939
1941
1948
1956
1966
1972
1977
1978
1984
2007
2010
2017
2023
2027
2041
2045
2049
2050
2054
2056
2063
2073
2076
2081
2086
2087
2088
32
93
120
189
200
216
219
236
273
275
304
311
428
441
509
563
571
617
646
687
717
802
827
918
919
946
955
959
993
1001
1133
1224
1292
1326
1366
1441
1692
1755
1795
1800
1827
1897
2058
66
110
125
140
157
240
278
284
343
356
427
443
478
517
574
621
672
685
697
709
710
775
797
869
874
885
887
974
989
992
1055
1072
1094
1147
1160
1225
1226
1234
1248
1330
1359
1424
1433
1506
1537
1546
1601
1663
1673
1756
1816
1817
1846
1861
1866
1884
1904
1921
1922
1925
1973
37
106
132
497
614
2039
21
229
367
627
686
970
1062
1087
1266
1329
1813
1865
2046
794
1143
1390
1404
857
1186
1177
1393
1699
724
156
282
325
595
772
858
928
931
1381
1504
1550
1647
1729
1909
1916
412
540
743
1434
12
536
549
631
679
1090
1208
1217
1230
1497
1532
1580
1598
1614
2036
456
228
1032
1526
1110
50
1423
243
244
211
1499
2089
368
