1
10
11
17
24
35
40
42
47
60
65
75
84
85
94
97
105
117
136
142
144
147
162
198
207
232
234
237
246
265
276
286
289
295
299
309
341
345
348
374
376
386
390
394
401
404
422
432
433
451
459
462
463
473
477
480
489
492
500
513
514
527
528
544
545
547
548
557
565
566
581
586
619
624
625
630
643
644
648
650
659
661
667
675
678
689
695
738
753
780
791
813
819
823
828
830
850
852
861
871
872
893
902
908
935
956
958
962
971
978
1000
1008
1030
1034
1054
1058
1064
1095
1099
1104
1113
1115
1131
1151
1154
1157
1171
1193
1196
1213
1223
1228
1238
1240
1244
1257
1258
1259
1274
1289
1298
1299
1308
1313
1315
1346
1355
1357
1371
1380
1384
1397
1430
1445
1451
1453
1462
1468
1469
1474
1480
1482
1487
1513
1516
1531
1544
1555
1563
1564
1568
1581
1583
1587
1591
1594
1595
1618
1620
1628
1634
1648
1651
1678
1683
1696
1706
1711
1726
1727
1744
1753
1761
1762
1787
1792
1799
1806
1808
1819
1825
1832
1855
1868
1885
1886
1894
1900
1930
1938
1963
1969
1971
1980
1982
1993
2021
2022
2024
2028
2029
2033
2042
2065
2068
2077
2079
2092
18
20
31
71
103
124
133
138
159
164
179
197
215
291
297
328
330
335
366
389
419
467
471
522
559
576
611
628
751
777
785
793
799
808
814
853
866
868
877
892
922
943
945
947
991
1002
1018
1028
1039
1041
1044
1123
1140
1172
1180
1185
1219
1222
1239
1252
1256
1261
1314
1322
1328
1332
1350
1372
1376
1391
1407
1425
1428
1457
1465
1512
1542
1553
1576
1585
1604
1646
1689
1730
1735
1749
1769
1772
1777
1814
1821
1835
1840
1844
1849
1858
1896
1898
1932
1936
1943
1945
1975
1976
1995
1999
2001
2006
2013
2057
2091
2096
357
606
1027
1183
1078
1250
1327
1399
1592
1666
1781
1786
249
723
876
1589
99
186
616
942
1176
1624
7
68
89
393
417
664
800
967
1409
1842
1870
83
129
206
256
261
442
496
523
525
537
713
758
882
1076
1092
1170
1267
1290
1509
1557
1650
1802
1830
1901
1961
2012
2080
778
1166
1345
1136
1378
472
607
1751
1742
23
33
62
92
199
241
294
347
378
444
466
503
653
694
731
733
750
834
844
911
932
941
972
1006
1052
1057
1141
1353
1442
1444
1489
1596
1607
1750
1882
1890
1967
1990
2016
2059
2095
2097
126
248
603
829
964
988
1134
1566
1829
2030
953
2078
1450
735
49
320
553
1510
1834
1466
486
950
262
1608
1283
639
487
712
880
1071
1103
1926
48
913
1915
9
1025
1182
1558
1335
1952
1997
88
137
293
384
300
1874
534
