297
306
354
527
886
909
1699
2452
2724
2744
2802
2893
2950
3075
3324
4324
5221
5566
7842
4423
5353
6668
2040
2360
3433
3536
4106
7180
7964
4287
1424
6304
6669
7176
7744
2323
6030
1145
1827
2410
6890
509
2628
6925
7598
1403
1996
2604
5595
5993
4749
348
1464
3909
3931
7466
1891
3184
3374
683
2762
3917
1773
4277
6231
6138
4390
1760
2475
2645
2716
3694
3939
5652
5961
6584
7726
7741
1945
2838
3010
4437
6432
7597
1148
1785
2278
3502
3945
7312
1884
5728
1438
2394
2726
3045
3425
4202
4629
6294
6508
7002
7448
7603
7856
5592
1931
3918
871
5693
2550
3756
3921
7415
7615
7824
1663
3537
7342
4772
2473
924
6822
2887
7629
6228
63
7689
571
1251
1639
2094
3681
4436
6275
6364
7388
7820
7963
