0
146
730
2374
2659
2718
3280
3856
4173
4275
4353
4469
4611
4787
5672
5919
6162
6667
6955
7044
7471
7522
1801
1883
2853
3483
4703
5210
5676
7317
7321
7366
7602
7806
1542
1926
1997
2537
3113
3687
4073
4578
5083
5237
5915
7333
1063
2895
3861
4632
4817
5018
5244
6107
6183
6396
7125
7800
1898
7866
7155
1361
3050
3066
3816
3924
7763
6556
3662
321
912
983
1692
1909
3465
6335
7318
2070
2894
6406
1215
1359
1426
1718
2053
2850
3100
3390
4165
4270
5897
6652
7805
751
7221
610
1835
3116
5095
7754
4251
6340
6078
7424
269
2369
5245
3582
5505
1812
1880
2191
3869
6352
7110
804
2958
3252
3753
4300
4954
5298
4587
5890
6751
7028
7030
7442
7544
943
4046
6645
1344
6757
2254
5258
7404
624
3814
3683
5080
1130
2889
246
4916
314
897
2821
4138
6248
6632
7802
948
1806
1838
2779
3480
3696
5446
6108
7246
7261
1819
4468
6442
2777
5787
2066
3506
3693
6049
7270
7740
7917
39
5964
6623
824
3459
3346
4273
761
2380
3904
6111
7067
5363
3961
3295
5513
6356
6192
7648
2320
7418
12
3450
2785
4099
3212
2390
6244
6845
467
1905
2300
3546
4194
5233
5445
5590
6749
1431
6031
6069
4174
2423
5074
285
4302
5617
7666
7721
2454
5412
4058
6256
2045
3367
6314
7115
775
3209
3559
6041
3174
7308
4561
6329
916
1778
6148
6880
2041
5123
5757
517
1200
1540
4759
6105
7934
4049
6249
7849
4177
5865
727
860
1199
1537
2711
3902
4540
4929
6440
7053
7444
3068
4117
1235
1611
2089
2261
3086
5624
3586
275
5507
6514
3608
4511
6850
2458
4276
6285
5269
1573
3375
5971
1081
1118
2472
3204
3269
4705
5438
5827
6474
6498
6825
1408
7218
1598
6491
1944
1216
2700
3757
6773
7164
1613
3550
4196
5055
5832
6553
7170
7613
7903
2599
4013
4375
2938
5403
7819
830
2246
6480
7795
7909
774
1644
3576
5671
3873
1450
4584
7208
81
1642
3499
4211
7247
555
3162
5752
6307
196
3111
7232
7749
311
342
4315
4803
5043
1940
782
5522
7977
6806
6234
4131
4145
4236
6379
431
544
776
2508
3695
573
1139
6230
1158
4089
5721
6103
587
3215
2961
3515
4651
4654
1291
2780
4780
4474
1643
4415
822
960
403
6443
7994
189
2402
3718
4721
5807
6826
7235
6937
3822
5987
183
4515
7876
6100
7467
2480
6438
2901
4077
2606
2912
3069
4667
5103
5394
5868
2594
4383
5458
7588
6337
7616
7818
616
2492
3240
3793
7087
2021
2595
2858
4183
4430
2211
3141
372
365
1836
3155
3366
3722
2742
5122
1298
2265
4428
4782
4863
4342
4935
5588
6927
3644
5202
7000
1753
5275
1362
1843
287
1430
4136
5014
5205
5527
5875
6896
3407
233
343
6842
166
1970
4149
6155
870
3165
2032
4076
5410
6815
7997
4482
6549
563
3423
3951
4025
4369
5087
1069
514
2576
4072
2578
787
905
5952
7229
1304
5330
4999
3525
5851
6818
1423
5101
6044
49
784
2143
2311
4237
6053
1227
2948
3588
6561
428
1619
2808
2937
1120
6943
7368
7606
1470
7498
7817
2544
4075
2804
186
801
2519
3511
6541
2696
6726
7334
4348
4680
5849
34
5
936
2622
434
2227
5562
29
3164
1963
5313
1711
4610
291
2930
3972
7887
5666
1572
4495
4853
843
1794
4042
5521
3652
4869
946
5104
5772
110
1507
2414
2877
5699
1286
1667
3214
795
1890
3529
4168
5848
50
1290
2691
5371
5454
158
5502
5155
2619
4063
1274
7566
7673
2090
4433
7128
2477
383
3834
6158
1617
4776
4957
13
3548
6586
5023
7538
3674
7075
5295
5506
5564
4530
7154
7730
1897
3381
4009
7391
7743
32
3009
5512
6062
6264
7839
2424
2919
3108
4941
5992
6117
6680
7494
7734
7945
5088
1799
2775
2957
3062
3716
4374
6532
7493
7896
1672
4942
1329
1768
1769
2591
3470
5597
2389
5163
7461
4389
4180
1721
5814
3610
4635
5332
3025
3520
5032
5120
2051
3033
3703
450
732
3131
6990
7183
363
2003
4011
5886
7059
1520
858
2035
7037
7658
3989
6871
6879
6383
3055
5391
231
4727
7523
1967
3023
836
7998
160
5936
1224
1960
4226
7572
7966
1478
2513
7140
2255
3910
5928
7834
1415
7965
2086
4745
7294
1587
4008
2448
2713
3352
3377
3664
4051
4213
5805
6874
6345
2046
6856
3994
274
6529
7547
1218
1471
2444
2559
3073
3348
3585
5211
119
123
4774
746
5280
5419
6984
7152
734
5186
6470
5232
3682
6487
5734
547
72
3522
6765
1922
229
2506
5220
5793
5765
6413
4096
178
3927
138
1830
4327
4497
5309
7023
7042
7189
248
2273
76
461
604
5162
359
1275
6619
6909
1738
2189
3309
7507
4382
1451
3330
3712
6565
7799
3000
374
1460
3343
4535
368
7161
2964
2164
1767
7434
476
1238
1311
5436
7160
3105
7970
1036
5415
2368
6246
3011
5317
1247
2133
4741
4994
6861
5857
6986
179
7309
2401
2530
3202
3500
6428
7871
4395
4546
5980
5606
5641
2036
6454
7786
295
4434
5632
6348
861
2405
3534
1515
2860
1277
1324
3675
3853
5036
7813
3570
3970
4887
5625
7402
6578
1441
1751
3767
4019
4565
5064
6095
831
1149
3685
4413
7124
7480
7643
4848
7594
6755
7482
5570
1776
636
1013
818
2437
2862
7031
3024
3956
501
2871
2876
5994
6475
7979
4123
5208
1242
2874
4702
7088
2383
2539
4688
5322
6260
7773
7001
375
1168
207
6483
7122
1108
1318
2968
3248
7812
7129
132
1244
5176
7832
1417
1647
1750
2688
2612
5497
3152
7107
3472
5361
7708
181
816
1822
2069
2157
4751
7447
3758
6385
6392
125
1688
2318
6639
4012
2486
5760
6965
7733
2533
4918
5842
7899
2758
409
1187
1327
4637
5598
6229
3702
3510
1487
7973
474
4480
7266
7349
1448
1811
3138
3262
3706
4250
6085
1041
3142
5633
5989
6466
7178
1443
2813
1599
4322
7944
2611
3115
1368
7913
451
4964
1745
5540
5957
7545
7879
427
438
1302
2429
3862
6692
66
384
1734
2297
4627
5834
391
488
2071
2892
4750
5413
6528
1597
4299
655
6382
2065
6576
5382
923
4343
6973
7196
7803
394
6939
3198
7697
989
2496
3056
3445
4161
4222
5170
6220
1453
1991
3563
5944
3059
3158
3795
6207
6831
90
6778
7275
1990
2428
3935
5145
7039
7430
2359
6889
7742
5649
4269
1732
4809
5781
1323
5603
1253
2453
4602
6136
6407
6662
1257
3725
3774
3805
4642
1541
3371
5381
3872
5637
3627
7981
1314
2221
3567
6542
4191
5228
6305
2488
4085
4542
5105
5385
6444
7479
5477
7339
6139
2291
4452
4576
5714
6854
1722
5400
4350
6555
2551
524
6591
2985
5129
5920
4265
3539
58
2502
6964
694
658
4552
1988
3846
7645
951
7874
4829
1547
2170
2382
2366
519
6048
1102
1998
2050
2059
2244
2734
4310
538
1388
3996
4193
4349
5137
6068
6713
429
284
659
3533
1167
2913
223
4419
4477
5071
7893
4897
1087
3865
6196
2008
4410
7495
2425
4725
4971
5949
6590
7707
6251
1976
1579
3740
3780
4414
114
640
3639
4024
2686
3167
4292
4560
5027
3590
7134
401
6213
6311
6429
7383
1040
660
2060
2373
2825
4838
5914
6127
6787
823
463
2974
4037
5735
6697
2660
2983
6570
82
5483
6905
4431
1061
3363
4252
1287
2207
6603
6851
6308
7670
1980
2781
3897
591
821
1325
7957
1591
4791
3091
7857
1432
7293
7158
535
3053
3203
8
40
214
877
1425
1548
1871
2667
3580
4993
5799
6318
7716
7996
705
3160
1936
4517
5517
3169
2651
5060
7236
1749
7024
6227
6232
6317
4334
3704
3968
4203
4730
5151
5783
1626
3396
4359
518
883
4167
1802
2449
5278
6268
6720
3206
3624
675
7592
439
5360
6507
536
4411
4928
5052
5108
5810
5938
6210
1260
5193
606
4966
10
7377
7389
3566
5320
92
7983
2672
4820
4958
6690
1621
2013
2646
4616
436
4822
7041
417
7051
7827
5554
6580
3028
3983
2768
2914
2920
6571
4220
6409
2952
4819
5954
4484
5345
5719
1862
2520
4987
5252
5689
3884
5811
1921
6421
3336
59
1685
5812
1742
2908
1045
3339
2445
5084
7768
2992
1575
3323
1348
537
1609
1987
2465
3257
5647
387
1735
5813
7378
5028
5853
2851
5207
5933
5958
6899
3637
6791
6754
645
2984
5535
7605
2384
3729
4175
4816
6750
1248
4451
3190
4246
4397
5079
7851
402
1052
5022
5405
7065
4634
6380
4710
1928
3607
5912
5541
609
1196
2965
3181
2148
1669
7432
1490
2598
3437
4968
6961
7238
7532
742
2587
1384
902
1992
5741
1089
4766
7864
7984
1447
6640
5489
6810
